//Los pokemon mono tipo tienen estructura:
//nombre-id-vida-ataque-velocidad-defensa-tipo-ataquesp-defensasp
//Los pokemon de dos tipos tienen estructura:
//nombre-id-vida-ataque-velocidad-defensa-tipo1-tipo2-ataquesp-defensasp

Sceptile,1,250,202,265,139,2,265,157
Tangrowth,2,310,184,94,229,2,202,94
Torterra,3,300,200,105,193,2,7,139,157
Carnivine,4,258,87,184,134,2,166,134
Meganium,5,270,152,148,184,2,153,184
Blastoise,6,268,153,144,184,1,157,193
Golduck,7,270,152,157,144,1,175,148
Poliwrath,8,290,175,130,175,1,6,130,166
Samurott,9,300,184,130,157,1,198,130
Milotic,10,300,112,150,146,1,184,229
Typhlosion,11,266,155,184,144,0,200,157
Arcanine,12,290,202,175,148,0,184,148
Magmortar,13,260,175,153,125,0,229,175
Ninetales,14,256,141,184,139,0,150,184
Rapidash,15,240,184,193,130,0,148,148
Snorlax,16,430,202,58,121,3,121,202
Tauros,17,260,184,202,175,3,76,130
Blissey,18,620,22,103,22,3,139,247
Porygon-Z,19,280,148,166,130,3,247,139
Persian,20,240,130,211,112,3,121,121
Chandelure,21,230,103,148,166,4,0,265,166
Mismagius,22,230,112,193,112,4,193,193
Cofagrigus,23,226,94,58,265,4,175,193
Dusknoir,24,200,85,184,247,4,121,247
Froslass,25,250,202,148,130,4,5,148,130
Glalie,26,270,148,148,148,5,148,148
Mamoswine,27,330,238,148,130,5,7,130,112
Vanilluxe,28,252,146,175,157,5,202,175
Abomasnow,29,290,170,112,139,5,2,170,157
Beartic,30,300,238,94,148,5,130,148
Machamp,31,290,238,103,148,6,121,157
Hitmonchan,32,210,193,141,146,6,67,202
Hariyama,33,398,220,94,112,6,76,112
Sawk,34,260,229,157,139,6,58,139
Throh,35,350,184,85,157,6,58,157
Dugtrio,36,180,148,220,94,7,94,130
Sandslash,37,260,184,121,202,7,85,103
Donphan,38,290,220,94,220,7,112,112
Marowak,39,230,148,85,202,7,94,148
Mudsdale,40,310,229,67,184,7,103,157
Ludicolo,41,270,130,130,130,2,1,166,184
Breloom,42,239,238,130,148,2,6,112,112
Swampert,43,310,202,112,166,1,7,157,166
Walrein,44,330,148,121,166,1,5,175,166
Infernape,45,262,191,198,132,1,6,191,132
Camerupt,46,250,184,76,130,0,7,193,139
Slaking,47,410,292,184,184,3,175,121
Lapras,48,370,157,112,148,1,5,157,175







